 0.2215567064302654
 0.3357791246281739
 2.066760391300493E-19
 0.3328574867379125
 -7.115076756936123E-20
 -4.084223465070785E-17
 0.2667596541386016
 -1.055403052278858E-18
 -3.947173534205040E-18
 -1.253608761936364E-19
 0.1819077910457926
 1.102836897325099E-18
 -1.507532298864259E-16
 5.793705359219414E-19
 6.310395457044538E-18
 0.1081559650769205
 -9.791700870259712E-19
 -2.529329318960803E-16
 9.520650327138336E-19
 4.049495114233359E-17
 3.726944967918921E-20
 5.695630209338341E-02
 2.710505431213761E-18
 3.995285005609084E-17
 -4.061522982084370E-19
 3.803516746350710E-17
 1.084202172485504E-19
 4.631576155586514E-18
 2.688002262105250E-02
 -2.817231582567803E-18
 1.010171492895479E-16
 4.658681209898652E-19
 3.893641051938568E-17
 -2.032879073410321E-19
 1.683393279373196E-17
 1.016439536705160E-20
 1.147708085642118E-02
 8.809142651444724E-20
 -3.475333830937032E-17
 2.913793338554793E-19
 -3.745833802642692E-17
 -9.469828350303078E-19
 2.567865082896137E-17
 2.371692252312041E-20
 -9.775607244261880E-18
 4.468917189067717E-03
 2.068454457195001E-18
 -2.161661962710865E-16
 -4.895850435129856E-19
 2.368304120523024E-17
 -2.703093892925286E-19
 6.414072289788464E-17
 3.726944967918921E-20
 1.115372984944463E-17
 8.470329472543003E-22
 1.597743324127663E-03
 8.311510794932822E-19
 -1.278308242678300E-16
 4.802676810931883E-19
 -5.661398812858293E-17
 5.031375706690544E-19
 6.178258317272867E-17
 -6.098637220230962E-20
 -3.752017143157649E-17
 6.268043809681822E-20
 -2.939627843446049E-18
 5.276251598409767E-04
 -2.197203465177655E-18
 -2.073121608734373E-16
 -3.049318610115481E-19
 8.719812439244917E-17
 1.870248747537495E-18
 1.196044402840962E-16
 -3.354250471127029E-19
 1.482307657695026E-17
 5.759824041329242E-20
 -7.364104443428887E-18
 -1.905824131322176E-20
 1.617800278606337E-04
 2.168404344971009E-19
 -1.008816240179872E-16
 2.273436430430542E-18
 3.362212580831220E-17
 -2.481806535455100E-19
 1.553051849449705E-16
 -3.362720800599572E-19
 -3.778275164522532E-17
 1.118083490375676E-19
 -1.052861953437095E-17
 -3.896351557369782E-20
 -3.045083445379210E-18
 4.627139247023661E-05
 -2.151463686025923E-19
 -1.164467014567322E-16
 -7.661413007915147E-19
 1.454253926481963E-16
 2.473336205982557E-19
 2.333287778483531E-16
 5.217722955086490E-19
 -3.812071779117979E-17
 4.150461441546072E-19
 -1.322049024074512E-17
 1.016439536705160E-19
 -8.355132991716419E-18
 -5.082197683525802E-21
 1.239586617366328E-05
 -1.704230289875652E-18
 -1.699436083394193E-16
 4.302927372051846E-19
 1.853045508378760E-16
 -8.809142651444724E-19
 1.728662955239203E-16
 -1.626303258728257E-19
 -5.173677241829266E-17
 -2.922263668027336E-20
 -3.874328700741170E-18
 -1.321371397716709E-19
 -1.637653500221464E-17
 -8.470329472543003E-22
 -1.504754030797265E-18
 3.121905878954967E-06
 1.524659305057741E-19
 -1.543802249665688E-16
 -3.540597719522975E-19
 2.599950690938130E-16
 -1.966810503524485E-18
 2.205148634222900E-16
 -2.646977960169689E-19
 -6.977518606302024E-17
 -2.202285662861181E-20
 4.933119884809045E-18
 1.355252715606881E-20
 -2.647824993116943E-17
 -1.694065894508601E-20
 -3.719321671393633E-18
 2.752857078576476E-21
 7.416231732784306E-07
 8.436448154652831E-19
 -1.489219446544621E-16
 7.115076756936123E-19
 3.521217605689797E-16
 1.839755561436340E-18
 2.409029464627010E-16
 6.454391058077769E-19
 -8.723422917182588E-17
 1.500942382534620E-18
 5.633616132188352E-18
 1.270549420881450E-19
 -3.373562822324427E-17
 -8.470329472543003E-20
 -5.495549761785901E-18
 -8.893845946170154E-21
 1.569869688617439E-18
 1.666751980549255E-07
 1.694065894508601E-19
 -1.639228981503357E-16
 2.795208725939191E-19
 3.504666581900448E-16
 -1.057097118173367E-18
 2.337874461892913E-16
 -2.541098841762901E-19
 -7.146925195752885E-17
 4.269046054161674E-19
 1.587339743154559E-17
 -1.262079091408908E-19
 -2.515179633576919E-17
 2.032879073410321E-20
 -4.673927802949229E-18
 -5.082197683525802E-21
 3.185267398149796E-18
 9.105604182983729E-21
 3.553581532499863E-08
 1.013051404916143E-18
 -1.794278362498257E-16
 4.743384504624082E-19
 3.014022747203395E-16
 8.470329472543003E-21
 2.513180635821399E-16
 -2.981555974335137E-19
 -4.818939843519165E-17
 1.564469853578693E-18
 4.921261423547485E-18
 1.270549420881450E-19
 -2.415568558979814E-17
 -7.453889935837843E-20
 -6.320559852411589E-18
 -1.694065894508601E-21
 1.902435999533159E-18
 4.235164736271502E-21
 -2.831207626197499E-19
 7.205224874531034E-09
 7.953639374717880E-19
 -1.763048257732991E-16
 -2.871441691192078E-19
 1.879566109957292E-16
 -7.674118502123961E-19
 2.621871903613071E-16
 -8.970078911423041E-19
 -7.316670598382646E-17
 8.368685518872487E-19
 2.109196741957933E-17
 1.948175778684891E-19
 -1.427081109534045E-17
 -9.867933835512599E-20
 -8.048507064810362E-18
 -6.945670167485263E-20
 8.602466612314674E-18
 1.185846126156020E-20
 8.012931681025681E-19
 5.770411953169921E-21
 1.392517900244787E-09
 -7.148958074826295E-19
 -3.683373593112160E-16
 3.472835083742631E-19
 1.931201238421915E-16
 1.102836897325099E-18
 1.617587289701010E-16
 -4.336808689942018E-19
 -2.149585655163182E-16
 8.385626177817573E-19
 -2.058798281596302E-17
 7.614826195816160E-19
 -3.634110156899850E-17
 1.084202172485504E-19
 -1.661285719449859E-17
 1.744887871343859E-19
 3.312915263301019E-17
 -1.778769189234031E-20
 -2.699494002899455E-18
 -6.352747104407253E-21
 1.106172089554913E-18
 2.570576920873231E-10
 -7.081195439045951E-19
 -5.134906426251069E-16
 3.001884765069240E-18
 2.813720631001434E-16
 -2.642742795433417E-19
 2.065574545174337E-16
 2.229390717173318E-18
 -4.184258056141518E-16
 6.657678965418801E-19
 -8.201481215084488E-17
 -2.752857078576476E-19
 -2.499594227347440E-17
 2.456395547037471E-19
 -2.512215018261529E-17
 5.929230630780102E-20
 4.977673817834621E-17
 2.032879073410321E-20
 -3.023907621697852E-19
 2.922263668027336E-20
 5.875020522155827E-18
 -8.404155023538761E-21
 4.541162591635301E-11
 1.009663273127126E-18
 -7.492785688775760E-16
 8.809142651444724E-20
 4.738115959692160E-16
 1.360334913290406E-18
 6.772028413298131E-17
 -4.784677360802729E-19
 -7.627921325180712E-16
 -8.131516293641283E-20
 -1.094027754673654E-16
 3.167903222731083E-19
 -9.242717641320519E-17
 -5.082197683525802E-21
 -5.025785289238666E-17
 2.076289511957104E-19
 1.084507104346516E-16
 1.372193374551967E-19
 -1.915988526689227E-18
 -1.355252715606881E-20
 1.972951492392079E-17
 -7.252719610864947E-21
 2.864030152903603E-20
 7.690787202506606E-12
 4.972083400382743E-19
 -1.112274538423406E-15
 1.310359969402403E-18
 6.649547449125159E-16
 2.187039069810603E-18
 -1.806890683082873E-17
 1.453508537488379E-18
 -1.232060243758215E-15
 9.706997575534282E-19
 -1.267648333037105E-16
 5.709002064493984E-19
 -1.465163710842599E-16
 3.328839482709400E-19
 -8.858270562385473E-17
 5.082197683525802E-21
 1.963598131072023E-16
 2.710505431213761E-20
 -4.580754178751256E-18
 -5.929230630780102E-21
 5.293278293981574E-17
 2.879912020664621E-20
 1.848464118925299E-18
 -1.581569331201389E-21
 1.250617635336758E-12
 -2.439454888092385E-19
 -1.509050181905738E-15
 -1.155352940054866E-18
 9.155248784022303E-16
 2.347975329788921E-18
 -1.669366413766665E-16
 1.157047005949374E-18
 -1.790671696208848E-15
 -1.329841727189252E-18
 -1.582833527875166E-16
 -5.899584477626202E-19
 -1.941297871153186E-16
 -2.769797737521562E-19
 -1.402788204606792E-16
 -1.965116437629977E-19
 3.325510643226691E-16
 -4.235164736271502E-21
 -1.251067663094602E-17
 -4.743384504624082E-20
 1.087175258130367E-16
 -2.202285662861181E-20
 7.598838448936735E-18
 1.034968382426348E-20
 -6.217699116060008E-18
 1.955121990953462E-13
 5.099138342470888E-19
 -1.827214391619293E-15
 2.778268066994105E-19
 1.045814639315940E-15
 -9.046311876675928E-19
 -3.780782382046405E-16
 -1.910059296058447E-18
 -2.287632702626524E-15
 9.757819552369540E-19
 -1.567620816142479E-16
 -7.301424005332069E-19
 -2.113067682526885E-16
 -2.066760391300493E-19
 -2.014176585934946E-16
 -1.414545021914682E-19
 4.487885486414295E-16
 -3.405072447962287E-19
 -2.778268066994105E-17
 1.109613160903133E-19
 1.727269586040969E-16
 -2.032879073410321E-20
 1.764009640128125E-17
 -2.011703249728963E-21
 -1.646375623472468E-17
 -6.382525606459162E-21
 2.946142204436793E-14
 7.475065759519200E-20
 -1.971208298586630E-15
 -3.121316410632097E-19
 1.042668758949837E-15
 -2.885841251295401E-18
 -4.590427295008900E-16
 -1.863472483959461E-20
 -2.521190179370636E-15
 -5.014435047745458E-19
 -1.583045286111980E-16
 -4.336808689942018E-19
 -1.725024948730745E-16
 6.437450399132683E-20
 -2.469134922564176E-16
 1.331959309557387E-19
 5.234155394263224E-16
 1.863472483959461E-20
 -4.635620737909654E-17
 -1.380663704024510E-19
 2.208824757213984E-16
 1.973586767102520E-19
 3.115387180001317E-17
 -1.662302158986564E-20
 -2.394511849306664E-17
 7.623296525288703E-21
 5.707241824150471E-18
 4.359058551400494E-15
 -1.626303258728257E-18
 -1.773509114631582E-15
 -1.731335344187790E-18
 8.622329534927788E-16
 1.887189406482581E-18
 -5.047050051379485E-16
 1.248526564252839E-18
 -2.450596759480568E-15
 -7.911287727355165E-19
 -1.319457103255914E-16
 -8.444918484125374E-19
 -1.202075277425413E-16
 7.004962473793064E-19
 -2.671203102461162E-16
 -1.202786785101106E-19
 5.237410118363048E-16
 3.100140586950739E-19
 -5.894417576647951E-17
 7.496241583200558E-20
 2.204360893581954E-16
 3.388131789017201E-21
 4.062242960089536E-17
 -6.215104250478429E-20
 -2.367634435099101E-17
 1.101142831430590E-20
 6.356214645535075E-18
 1.535247216898419E-21
 7.208902596503482E-16
 -1.402686560653121E-18
 -1.429142787727662E-15
 -3.049318610115481E-20
 5.706799778831123E-16
 1.722865014715247E-18
 -4.739098517910975E-16
 5.590417451878382E-20
 -2.040249954117328E-15
 1.846955341488002E-18
 -5.858079863210741E-17
 6.988021814847978E-19
 -5.662245845805547E-17
 2.151463686025923E-19
 -2.658294320345006E-16
 -2.371692252312041E-19
 4.604911558406949E-16
 -2.291224122322882E-19
 -7.185719304737131E-17
 1.295960409299080E-19
 1.792742056490174E-16
 0.000000000000000E+00
 4.150292034956621E-17
 -1.439956010332311E-20
 -1.523335816077656E-17
 2.509335106240865E-20
 5.733195443049935E-18
 -1.516718371177232E-20
 -1.220501685099542E-18
 2.855890166280489E-16
 -1.420474252545462E-18
 -1.104073565428090E-15
 1.549487958324132E-18
 2.518737171955387E-16
 1.417086120756444E-18
 -3.519608243090014E-16
 -1.510259744954418E-18
 -1.534993107014243E-15
 3.354250471127029E-19
 -2.497222535095128E-17
 -3.726944967918921E-19
 -2.430682803132383E-17
 -5.166900978251232E-19
 -2.435304426650839E-16
 4.074228476293185E-19
 3.582136215256326E-16
 4.362219678359647E-20
 -6.848007268666842E-17
 -3.286487835346685E-19
 1.169261221048781E-16
 5.166900978251232E-20
 3.354208119479667E-17
 -2.456395547037471E-20
 -9.560619694336898E-18
 -3.875175733688424E-20
 3.830494745720760E-18
 8.470329472543003E-21
 -7.977991571951441E-19
 7.497565072180643E-21
 2.418211301775247E-16
 -1.033380195650246E-19
 -7.336491169348397E-16
 -1.866860615748478E-18
 4.597356024517441E-17
 -2.371692252312041E-19
 -1.573550046773259E-16
 9.706997575534282E-19
 -1.041643902023219E-15
 1.456896669277397E-18
 2.429290492725333E-18
 5.319366908757006E-19
 -2.093696039023180E-17
 1.185846126156020E-19
 -2.112330763862774E-16
 8.809142651444724E-19
 2.431230198174546E-16
 7.623296525288703E-20
 -4.485950016129819E-17
 2.007468084992692E-19
 5.740342283542393E-17
 7.475065759519200E-20
 2.148710828947346E-17
 -3.197549375884984E-20
 -7.791856081792309E-18
 4.023406499457927E-21
 3.623183431880270E-18
 8.089164646278568E-20
 9.271834398882385E-19
 1.138200522872966E-21
 3.339096522305058E-19
