 0.000000000000000E+00
 0.000000000000000E+00
 2.822737296724956E-19
 0.000000000000000E+00
 1.055191294042045E-18
 -4.324103195733203E-19
 0.000000000000000E+00
 -1.199292774193682E-18
 2.037114238146592E-19
 1.863472483959461E-20
 0.000000000000000E+00
 8.936197593532869E-19
 1.755475783184537E-19
 -3.510951566369075E-19
 -3.193314211148712E-19
 0.000000000000000E+00
 1.515977217348384E-18
 -6.074814418589435E-19
 5.065257024580716E-19
 -6.784733907506946E-19
 3.134021904840911E-20
 0.000000000000000E+00
 1.889942263561158E-19
 2.092171379718122E-18
 -1.353135133238745E-19
 -1.135871182268017E-18
 -3.981054852095212E-20
 4.023406499457927E-19
 0.000000000000000E+00
 1.660184576618429E-19
 9.486769009248164E-18
 -7.043078956419507E-19
 -2.306894231847087E-18
 -1.423015351387225E-19
 9.224188795599331E-19
 -5.844527336054672E-20
 0.000000000000000E+00
 -1.185210851445580E-18
 5.921872032050831E-18
 2.549569171235444E-19
 -3.335827504524248E-18
 -3.608360355303319E-19
 8.165397611531455E-19
 2.541098841762901E-20
 -9.444417361885449E-20
 0.000000000000000E+00
 2.559839445720902E-18
 3.944907721071134E-17
 -3.671887826347392E-19
 -7.392903563635533E-18
 2.979438391967001E-19
 3.737109363285973E-18
 1.355252715606881E-20
 -2.253107639696439E-19
 2.117582368135751E-20
 0.000000000000000E+00
 8.403625627946727E-19
 4.487326444669107E-17
 -1.115542391533914E-18
 -4.277939900107844E-18
 -9.461358020830535E-19
 3.205807947120713E-18
 2.507217523872729E-19
 1.880413142904547E-19
 0.000000000000000E+00
 -2.778268066994105E-19
 0.000000000000000E+00
 -1.549011502291302E-19
 -9.037100393374537E-17
 1.350170517923355E-18
 -6.483547520309038E-18
 -7.284483346386983E-20
 -9.269081541803809E-18
 -3.134021904840911E-20
 4.362219678359647E-18
 -6.776263578034403E-20
 -1.680513367352532E-18
 3.176373552203626E-20
 0.000000000000000E+00
 -7.260131149153422E-19
 -7.567604109006733E-17
 -3.587184531621962E-19
 -2.224012057958254E-17
 -2.371692252312041E-20
 1.034396635186952E-17
 3.155197728522269E-19
 1.787747738474926E-17
 -3.896351557369782E-20
 2.612249609332262E-18
 3.218725199566341E-20
 -2.011703249728963E-19
 0.000000000000000E+00
 -8.957108719418209E-19
 -5.059836013718288E-17
 -9.100839622655423E-19
 -1.530673238983246E-17
 2.867206526455807E-19
 -3.315286955553332E-18
 9.147955830346444E-20
 5.009988124772373E-18
 -1.050320854595332E-19
 -1.744887871343859E-18
 -1.694065894508601E-20
 1.096907666694319E-18
 -6.140988867593677E-21
 0.000000000000000E+00
 1.404592384784444E-18
 1.748494114116794E-16
 -7.504711912673101E-19
 6.206210404532259E-18
 -1.650020181251377E-18
 -1.819405594878556E-17
 -3.786237274226723E-19
 -3.109034432896909E-17
 -3.009084545120902E-19
 -9.149649896240952E-18
 5.082197683525802E-20
 4.235164736271502E-20
 5.505714157152952E-20
 -2.528393347554087E-19
 0.000000000000000E+00
 7.261189940337490E-19
 3.245194979168038E-18
 -2.731681254895119E-19
 -1.683012114546932E-17
 -9.016665723522027E-19
 1.907518197216684E-18
 4.118697706024035E-19
 -1.467061064644448E-18
 1.397604362969596E-19
 2.829513560302990E-17
 3.252606517456513E-19
 -1.187201378871627E-17
 -6.776263578034403E-21
 2.498747194400186E-19
 2.562274665444259E-20
 0.000000000000000E+00
 -1.880413142904547E-19
 8.520219713136282E-17
 2.171210141608789E-18
 2.115041269293988E-18
 -6.395098751769968E-20
 -9.036994514256130E-18
 2.329340604949326E-19
 -4.117765969782056E-17
 3.794707603699266E-19
 4.946672411965114E-18
 -1.338312056661795E-19
 1.510767964722770E-17
 -3.388131789017201E-21
 -1.865166549853969E-18
 2.625802136488331E-20
 -2.350516428630683E-20
 0.000000000000000E+00
 -3.229313111407020E-20
 3.165150365652507E-18
 1.886765890008954E-18
 -5.975436278052824E-17
 2.066760391300493E-19
 2.128106752505386E-17
 7.318364664277155E-19
 -5.539595475043124E-19
 5.370188885592264E-19
 -1.825525407922468E-17
 1.588186776101813E-19
 4.277516383634217E-18
 -1.423015351387225E-19
 7.081195439045951E-19
 2.202285662861181E-20
 2.337810934421869E-19
 -4.023406499457927E-21
 0.000000000000000E+00
 -1.075308326539334E-18
 1.724662312750202E-16
 3.129363223631013E-18
 -3.666424463837602E-17
 3.650712002666034E-19
 -2.337302714653516E-17
 6.937199838012720E-19
 9.434252966518397E-18
 -5.770411953169921E-20
 -9.046311876675928E-18
 -1.795709848179117E-19
 1.418886065769360E-18
 1.219727444046192E-19
 7.071031043678899E-18
 -4.743384504624082E-20
 4.675621868843738E-19
 -1.821120836596746E-20
 -1.672890070827243E-19
 0.000000000000000E+00
 7.210367963502232E-20
 -5.316825809915243E-18
 -4.065758146820642E-19
 -1.121302215575243E-17
 1.632814824510274E-18
 3.435735040652893E-17
 1.543717546370962E-18
 -1.812650507124203E-17
 -5.488773498207866E-19
 8.339039365718587E-19
 -4.641740550953566E-19
 -2.010856216781709E-18
 -1.829591166069289E-19
 -8.616019139470743E-18
 1.287490079826537E-19
 2.100641709190665E-19
 1.355252715606881E-20
 4.027641664194198E-19
 4.023406499457927E-21
 0.000000000000000E+00
 1.623126885176053E-19
 -1.492112064059494E-17
 1.504118756086824E-18
 1.744591409812320E-17
 -2.888382350137164E-19
 1.777879804639414E-17
 -7.623296525288703E-21
 1.950436297862876E-17
 4.573977915173222E-20
 -2.092764302781200E-17
 -4.252105395216588E-19
 -9.515568129454810E-18
 -2.566509830180530E-19
 -1.427674032597123E-17
 -1.050320854595332E-19
 1.863472483959461E-19
 1.033380195650246E-19
 8.029872339970767E-19
 7.199780051661553E-21
 -8.353862442295537E-20
 0.000000000000000E+00
 5.363836138487857E-19
 -8.761632044037638E-17
 1.859660835696816E-18
 -7.883335640095773E-18
 8.360215189399944E-19
 -1.416391553739696E-16
 8.978549240895584E-19
 -5.092700892071755E-17
 -7.547063560035816E-19
 -5.841139204265655E-18
 -2.583450489125616E-19
 -1.384390648992428E-17
 2.710505431213761E-19
 2.595901873450254E-17
 -3.100140586950739E-19
 4.143685177968037E-18
 1.490777987167569E-19
 3.076423664427619E-18
 -1.270549420881450E-20
 5.281250426130563E-19
 6.458626222814040E-21
 0.000000000000000E+00
 -1.993703799599809E-19
 -5.836692281292570E-17
 1.337253265477727E-18
 3.946326501257785E-18
 7.707999820014133E-20
 -3.886525975181632E-17
 2.589856175789227E-18
 1.328825287652546E-17
 -9.105604182983729E-19
 6.246867986000465E-18
 -2.456395547037471E-19
 -1.764422568689911E-17
 -1.423015351387225E-19
 2.759463935565060E-17
 -3.197549375884984E-20
 3.608360355303319E-18
 -7.792703114739563E-20
 -2.615637741121279E-18
 1.135024149320762E-19
 1.762675563236199E-18
 -4.235164736271502E-22
 1.353135133238745E-19
 0.000000000000000E+00
 -1.884860065877632E-18
 -2.260980810941168E-16
 -1.275631618564976E-18
 -1.596068417676014E-16
 3.087435092741925E-19
 1.994423777604976E-17
 2.447925217564928E-19
 -4.191076671366915E-17
 -5.421010862427522E-20
 -8.730792103823701E-18
 6.505213034913027E-19
 -1.841110814151947E-17
 3.667652661611120E-19
 4.644281649795329E-17
 2.337810934421869E-19
 -5.446421850845151E-18
 -1.016439536705160E-20
 2.419126097358282E-18
 -1.016439536705160E-20
 -2.173486542654535E-18
 -7.623296525288703E-21
 1.180340411998868E-18
 2.541098841762901E-21
 0.000000000000000E+00
 -1.152811841213103E-18
 -1.940368252493574E-16
 1.189234257945038E-18
 -1.040416392463969E-16
 1.677125235563515E-19
 -7.894198837644310E-17
 9.495239338720707E-19
 5.234748317326302E-17
 -1.287490079826537E-19
 1.895151516186772E-17
 -5.895349312889930E-19
 -3.328839482709400E-17
 -1.846531825014375E-19
 -6.062214803499028E-18
 -5.421010862427522E-20
 -1.201092719206598E-18
 -5.082197683525802E-21
 -1.856018594023623E-17
 -1.253608761936364E-19
 1.290878211615554E-18
 -1.524659305057741E-20
 2.043043468777372E-18
 4.235164736271502E-22
 -4.100698255894882E-19
 0.000000000000000E+00
 -3.218725199566341E-19
 -1.599329494522943E-16
 -6.865202037496104E-19
 -1.840052022967879E-16
 6.052050408131976E-19
 9.460510987883280E-18
 -1.371769858078339E-18
 4.131657310117026E-17
 -2.738034001999526E-19
 3.026448720539615E-17
 6.318865786517081E-19
 2.175688828317396E-17
 -4.845028458294598E-19
 2.217616959206484E-17
 -2.879912020664621E-20
 1.021860547567588E-17
 3.388131789017201E-20
 -9.927226141820400E-19
 -8.470329472543003E-20
 2.066760391300493E-19
 7.115076756936123E-20
 -1.160435137738391E-18
 4.235164736271502E-21
 -1.179493379051613E-19
 3.758708703440958E-21
 0.000000000000000E+00
 -1.328677056886777E-18
 -1.113395163012624E-16
 2.637660597749891E-18
 -1.318669362614967E-16
 -2.212450058228232E-18
 1.155835748834801E-16
 -9.834052517622427E-19
 -6.686478085625447E-17
 -6.149459197066220E-19
 1.219536861633060E-17
 1.040156459228281E-18
 1.078357645149450E-17
 -9.673116257644110E-19
 4.119968255444917E-17
 6.774145995666267E-19
 8.372073650661505E-18
 3.354250471127029E-19
 3.715086506657361E-18
 3.371191130072115E-19
 2.649519059011451E-18
 8.809142651444724E-20
 1.185846126156020E-19
 -5.082197683525802E-21
 1.324759529505726E-18
 1.439956010332311E-20
 1.658596389842327E-19
 0.000000000000000E+00
 -1.721065069702332E-18
 -1.330319242013266E-16
 1.579716446629270E-18
 -1.346064525711540E-16
 1.099448765536082E-18
 4.287220204836199E-17
 8.173867941003998E-19
 4.750414878086293E-17
 -1.919376658478245E-18
 -6.348511939670981E-17
 -3.642241673193491E-20
 1.274106959259919E-17
 -1.611480182151306E-19
 5.319028095578104E-17
 -2.371692252312041E-19
 -5.402376137587928E-18
 9.825582188149884E-20
 -7.619908393499686E-18
 1.361605462711288E-19
 -3.130633773051894E-18
 -8.809142651444724E-20
 -1.094366567852556E-18
 -4.404571325722362E-20
 -8.317863542037229E-19
 -5.929230630780102E-21
 7.779997620530749E-19
 7.358598729271734E-21
 0.000000000000000E+00
 1.763946112657080E-18
 -9.190434532651247E-17
 -1.092672501958047E-19
 -1.256344678355996E-16
 2.532628512290358E-19
 1.006766420447516E-16
 -9.647705269226481E-19
 4.650549693605011E-17
 -9.342773408214933E-19
 -6.496403892261582E-17
 -2.778268066994105E-19
 -3.772684747070654E-18
 -1.050320854595332E-19
 4.692986044262451E-17
 -1.863472483959461E-19
 6.928729508540177E-18
 -3.345780141654486E-19
 -2.377113263174468E-17
 -2.524158182817815E-19
 -2.177721707390806E-18
 1.016439536705160E-19
 -4.804370876826392E-18
 6.776263578034403E-21
 7.115076756936123E-19
 1.270549420881450E-20
 -1.185846126156020E-19
 2.435219723356113E-21
 -2.844177818202330E-19
 0.000000000000000E+00
 -9.122941888622840E-19
 -1.390442699400560E-16
 2.628455731893401E-18
 -1.517484935994497E-16
 2.681282794533488E-18
 1.641812431992483E-16
 9.232659125071874E-19
 4.718905252448433E-17
 3.464364754270088E-19
 -4.029589839972883E-17
 1.355252715606881E-19
 7.448860677713521E-18
 -5.454892180317694E-19
 6.159115372664919E-17
 -5.954641619197731E-19
 3.537209587733958E-18
 3.803177933171809E-19
 -1.314425727549223E-17
 -1.219727444046192E-19
 -4.507909345287386E-18
 1.135024149320762E-19
 -8.080694316806025E-18
 1.355252715606881E-20
 2.747774880892950E-18
 -3.049318610115481E-20
 3.294958164819228E-19
 1.270549420881450E-21
 -7.624355316472771E-19
 8.867376166568457E-21
 0.000000000000000E+00
 2.751374770918781E-18
 -5.889822422909096E-17
 -4.247870230480316E-19
 -1.658829323902822E-16
 -1.348476452028846E-18
 1.350843909116422E-16
 3.955643863677583E-19
 1.911785125688478E-17
 1.904130065427667E-18
 9.291951431379675E-18
 -7.030373462210693E-19
 2.393715108940653E-18
 1.711006553453687E-19
 5.783202150673461E-17
 -7.360716311639870E-19
 1.163823269527409E-17
 -6.810144895924575E-19
 1.329079397536723E-17
 -4.235164736271502E-20
 -5.305814381600937E-18
 6.268043809681822E-20
 -2.069132083552805E-17
 3.388131789017201E-21
 1.697454026297618E-18
 8.470329472543003E-20
 -9.317362419797304E-19
 -7.623296525288703E-21
 -1.150270742371340E-18
 1.588186776101813E-21
 1.228065424620727E-19
