 -2.656295322589486E-18
 -2.602085213965211E-18
 1.702197410802242E-17
 -5.068645156369733E-18
 -1.853985714950213E-17
 1.355252715606881E-18
 -6.830473686658678E-18
 -1.691355389077387E-17
 -7.589415207398531E-18
 -4.022390059921221E-17
 -1.149254302834635E-17
 -1.048965601879726E-17
 1.127570259384925E-17
 5.529431079676073E-18
 -1.680513367352532E-18
 -3.632077277826440E-18
 -1.801185069150169E-15
 -3.035766082959412E-18
 1.310800426534975E-16
 3.144186300207963E-18
 1.563284007452537E-15
 -4.119968255444917E-18
 -7.459310946700270E-17
 4.119968255444917E-18
 -3.686287386450715E-17
 2.602085213965211E-18
 1.040834085586084E-17
 -5.068645156369733E-18
 1.734723475976807E-18
 8.416119363918728E-18
 1.517883041479706E-18
 -6.854868235539602E-17
 -4.336808689942018E-19
 -5.496905014501507E-17
 7.047314121155779E-19
 -2.534322578184867E-17
 3.252606517456513E-19
 -4.748805515486509E-17
 4.228388472693467E-18
 2.114194236346734E-17
 6.478107980600889E-18
 2.602085213965211E-17
 1.084202172485504E-19
 -6.722053469410127E-18
 -2.059984127722458E-18
 8.023096076392733E-18
 -1.451096187654599E-15
 -7.291259609965017E-18
 3.816879538126594E-15
 -4.282598581317743E-18
 5.762534546760456E-16
 1.409462824231156E-18
 -1.283044850919346E-15
 5.854691731421724E-18
 -1.550192266219774E-15
 1.517883041479706E-18
 2.453007415248454E-17
 -1.778091562876227E-17
 9.380042857894122E-18
 3.577867169202165E-18
 -1.599198204416119E-17
 7.209944447028604E-18
 4.770489558936220E-18
 2.927345865710862E-18
 9.920449878242366E-18
 3.008661028647275E-18
 1.192622389734055E-18
 -6.510634045775454E-16
 1.181780368009200E-17
 -7.149229125369416E-16
 -1.206174916890124E-17
 2.493122895630417E-15
 2.385244779468110E-18
 -1.816038638913220E-16
 5.095750210681871E-18
 -2.268909886360415E-15
 5.231275482242559E-18
 -2.098120939139636E-15
 -9.879792296774159E-18
 -1.437652080715779E-16
 4.526544070126981E-18
 -5.421010862427522E-18
 3.794707603699266E-19
 -1.669671345627677E-17
 1.409462824231156E-18
 4.377466271410224E-17
 -7.264154555652880E-18
 6.505213034913027E-19
 3.361026734705064E-18
 -5.778797579347739E-17
 1.334923924872777E-18
 -6.613633252161577E-18
 1.973247953923618E-17
 -1.192622389734055E-18
 1.206988068519488E-16
 -3.144186300207963E-18
 -5.532141585107286E-17
 -5.312590645178972E-18
 6.684106393373135E-17
 1.301042606982605E-18
 -7.556889142223966E-17
 8.131516293641283E-18
 2.710505431213761E-18
 -7.779150587583494E-18
 5.328176051408451E-17
 3.252606517456513E-18
 -7.901123331988114E-17
 1.301042606982605E-18
 2.016616040823038E-17
 5.746271514173174E-18
 5.724587470723463E-17
 -3.564314642046096E-18
 7.155734338404329E-18
 2.385244779468110E-18
 -6.228741480929223E-17
 -4.662069341687669E-18
 1.886511780124778E-17
 8.673617379884035E-19
 4.607859233063394E-19
 -2.785044330572140E-18
 3.984442983884229E-18
 -7.112366251504909E-16
 2.710505431213761E-19
 2.593953697671569E-15
 6.640738306473715E-19
 1.790559887859811E-15
 2.493664996716660E-18
 -1.268353911482167E-15
 2.168404344971009E-18
 5.468986808560006E-16
 -4.553649124439119E-18
 -2.182390552996072E-15
 -3.415236843329339E-18
 -9.171808278141125E-16
 -2.439454888092385E-19
 1.796177410366001E-15
 -2.710505431213761E-18
 5.936006894358137E-17
 -1.572093150103981E-18
 -1.626303258728257E-17
 7.589415207398531E-19
 -1.496198998029996E-17
 -1.517883041479706E-18
 -2.412349833780247E-18
 -3.740497495074990E-18
 1.046255096448512E-16
 3.618524750670371E-18
 6.272109567828643E-17
 4.119968255444917E-18
 -9.053088140253962E-18
 -5.041540102057596E-18
 -2.394731548477358E-17
 2.622414004699314E-18
 -1.517883041479706E-18
 -1.044899843732905E-17
 -5.854691731421724E-18
 4.708147934018303E-17
 -1.355252715606881E-18
 -5.247538514829841E-17
 3.794707603699266E-19
 1.886511780124778E-16
 -7.528428835196221E-18
 2.569559148790646E-17
 -1.626303258728257E-18
 -1.047407061256778E-16
 -1.084202172485504E-19
 2.255140518769849E-17
 6.505213034913027E-18
 -1.972434802294254E-16
 -9.351243737687476E-19
 -3.266159044612582E-17
 -7.480994990149981E-18
 -9.508453052697874E-17
 8.023096076392733E-18
 -7.546047120499111E-17
 3.984442983884229E-18
 8.673617379884035E-18
 5.908901840045999E-18
 2.916503843986007E-17
 3.794707603699266E-19
 4.391018798566293E-18
 8.673617379884035E-19
 5.155381330168574E-17
 -3.130633773051894E-18
 6.602791230436722E-17
 -1.084202172485504E-18
 -2.022037051685466E-17
 6.071532165918825E-18
 1.835012176931716E-17
 8.097634975751111E-19
 -6.451002926288751E-18
 -6.996356619048960E-16
 2.602085213965211E-18
 1.489693784995083E-16
 5.475220971051797E-18
 1.110277234733781E-15
 -3.144186300207963E-18
 7.570187559495858E-17
 4.824699667560495E-18
 7.830650190776556E-16
 -5.854691731421724E-18
 4.753684425262694E-16
 1.707618421664669E-18
 9.963817965141786E-17
 -7.643625316022806E-18
 -6.718800862892671E-16
 -7.860465750519907E-18
 -8.886798632048998E-16
 1.761828530288945E-19
 -5.898822147973673E-17
 -1.843143693225358E-18
 2.748452507250754E-17
 -6.722053469410127E-18
 -1.534281599338549E-16
 -6.505213034913027E-19
 -5.881796785733862E-17
 -3.686287386450715E-18
 -2.331034670843835E-17
 -1.002887009549092E-18
 -1.019150042136374E-17
 -6.478107980600889E-18
 8.023096076392733E-18
 2.439454888092385E-18
 7.135405547670226E-17
 -1.626303258728257E-19
 -1.198043400596482E-17
 -4.174178364069192E-18
 4.220256956399826E-17
 4.472333961502706E-19
 2.443520646239206E-17
 2.676624113323589E-18
 -1.626303258728257E-19
 -4.667490352550097E-17
 -3.740497495074990E-18
 3.696045206003085E-16
 -2.683400376901623E-18
 1.188502421478610E-15
 -1.436906691722195E-17
 7.003946034256359E-17
 6.505213034913027E-18
 -6.534486493570135E-16
 1.951563910473908E-18
 2.219971710799851E-16
 5.692061405548898E-18
 -6.445039814340081E-16
 -7.013432803265607E-19
 4.523833564695767E-16
 -5.421010862427522E-18
 1.791644090032296E-16
 -6.857578740970816E-18
 2.353396340651348E-16
 9.691750982483704E-18
 -3.644549837974759E-16
 -1.029992063861229E-18
 2.978303367817681E-16
 7.589415207398531E-19
 5.052382123782451E-17
 -4.119968255444917E-18
 -3.556183125752455E-17
 1.463672932855431E-18
 1.122149248522497E-17
 -1.311884628707460E-17
 -1.331535793083760E-16
 2.764715539838036E-18
 1.713039432527097E-17
 1.527369810488954E-17
 1.642566291315539E-17
 3.144186300207963E-18
 2.568203896075039E-17
 5.908901840045999E-18
 -7.448468924975415E-17
 1.680513367352532E-17
 1.112526954241688E-16
 -3.564314642046096E-18
 -5.319028095578104E-17
 -4.212506604932449E-18
 9.757819552369540E-19
 -8.918376020322638E-16
 -1.734723475976807E-18
 -3.253622956993218E-16
 -2.168404344971009E-19
 6.966676584577169E-16
 1.843143693225358E-18
 1.756407519426517E-16
 -3.577867169202165E-18
 1.007603288999404E-15
 -3.042542346537447E-18
 -2.025614918854668E-15
 -1.138412281109780E-18
 -1.020505294851981E-16
 7.480994990149981E-18
 8.296043973315959E-16
 -2.764715539838036E-18
 8.033938098117588E-17
 -6.017322057294550E-18
 -5.209320388249727E-16
 3.035766082959412E-18
 -6.986361630271359E-16
 -2.923534217448218E-18
 -8.365521850814493E-16
 -1.626303258728257E-19
 4.634964287375531E-17
 -4.065758146820642E-18
 4.027811070783649E-17
 -2.222614453595284E-18
 4.266335548730460E-17
 -4.065758146820642E-18
 1.249000902703301E-16
 -7.291259609965017E-18
 -9.058509151116390E-17
 -1.572093150103981E-18
 -5.366800753803247E-18
 -4.174178364069192E-18
 -9.849976737030808E-17
 -4.282598581317743E-18
 4.992751004295748E-17
 2.846030702774449E-18
 -6.220609964635582E-17
 -4.174178364069192E-18
 -1.219727444046192E-16
 -1.666960840196463E-18
 8.237903631816423E-17
 -1.103006303914550E-17
 8.367340854068721E-17
 -4.420241435246566E-18
 2.303929616531697E-18
 -1.276160167124063E-14
 -5.326143172335041E-18
 1.075886341822541E-14
 -6.478107980600889E-18
 -3.685474234821351E-15
 -9.757819552369540E-18
 -2.383282373535911E-14
 -3.848917712323541E-18
 -3.915975616691769E-15
 -3.089976191583688E-18
 -4.013038816183534E-15
 -1.192622389734055E-18
 -2.947132555358722E-15
 -9.080193194566100E-19
 1.456278674039080E-14
 2.168404344971009E-19
 -5.820200549809529E-16
 2.168404344971009E-18
 2.000718926468970E-14
 3.144186300207963E-18
 3.126147886563235E-15
 -1.853308088592409E-18
 -1.205647257715632E-14
 4.815382305140697E-19
 9.178363466119926E-15
 -4.336808689942018E-18
 6.201636426617085E-17
 -3.252606517456513E-18
 -1.364468434073007E-16
 -3.686287386450715E-18
 -7.159122470193346E-17
 6.830473686658678E-18
 2.341876692568690E-17
 8.782037597132586E-18
 7.659888348610089E-17
 3.632077277826440E-18
 -1.098838901814059E-16
 -1.816038638913220E-18
 1.213764332097522E-16
 -3.089976191583688E-18
 -6.991071133458093E-17
 2.005774019098183E-18
 3.805549625424121E-17
 -1.084964502138033E-17
 -9.378348791999613E-18
 7.318364664277155E-19
 -1.074715403476256E-17
 5.136407792150077E-18
 -1.479343042379636E-17
 5.304120315706429E-18
 -7.820655201998955E-18
 7.211850271159927E-18
 7.589415207398531E-19
 -4.727121472036799E-17
 1.458251921993003E-17
 -3.317008126502152E-15
 2.385244779468110E-18
 -1.636603179366869E-15
 5.963111948670274E-18
 -1.810454997724920E-15
 -9.893344823930228E-19
 2.571619132918368E-15
 4.363913744254155E-18
 2.802120514788786E-15
 -1.734723475976807E-18
 -2.532791142616231E-15
 1.463672932855431E-18
 1.274669389136895E-15
 4.377466271410224E-18
 -2.446935883082535E-15
 -7.318364664277155E-19
 -2.553025065660242E-16
 -4.607859233063394E-19
 3.192609479736597E-15
 -1.050320854595332E-18
 2.409861250981214E-15
 -4.353749348887104E-18
 -1.136819859168942E-16
 -1.838061495541832E-18
 -2.360923710695360E-15
 -4.180954627647226E-18
 1.760744328116459E-16
 2.935816195183405E-18
 1.106970418107700E-16
 6.085084693074894E-18
 -1.341158087364569E-16
 4.201283418381330E-18
 -5.589062199162775E-17
 -3.252606517456513E-18
 -5.293617107160475E-17
 -5.583641188300348E-18
 1.364908891205580E-17
 8.673617379884035E-19
 4.941251401102686E-17
 2.900240811398724E-18
 1.149254302834635E-17
 -6.871131268126884E-18
 1.111307226797642E-17
 1.596487698984905E-17
 3.118436498611432E-17
 -6.925341376751160E-18
 -7.499968528168477E-17
 4.994106257011355E-18
 3.789625406015740E-18
 -1.992221491942114E-18
 7.497258022737263E-17
 4.773877690725237E-18
 6.973198738271028E-17
 1.032956679176619E-18
 4.716279450311944E-18
 -1.028691021254247E-15
 1.517883041479706E-18
 -6.110021343042060E-16
 -2.059984127722458E-18
 1.854798866579577E-16
 -2.059984127722458E-18
 1.309733165021434E-16
 3.089976191583688E-18
 -4.348734913839358E-16
 1.572093150103981E-18
 -1.205090714717638E-16
 3.117081245895825E-18
 -9.722582981763761E-16
 6.505213034913027E-19
 2.058357824463730E-16
 -2.059984127722458E-18
 5.408135961629257E-16
 -2.059984127722458E-18
 -8.110645401820937E-16
 -1.179069862577986E-18
 -1.702468461345363E-16
 -5.041540102057596E-18
 -1.778599782644580E-16
 -1.497554250745603E-18
 5.238322796363715E-16
 5.143184055728112E-18
 -1.756746332605419E-17
 -1.724559080609755E-18
 3.694884770865346E-16
