 3.544907701810988
 -6.055269133331542E-17
 3.093635373915826E-16
 -1.495656896943753E-16
 -1.226124236863857E-15
 3.246507880236282E-16
 1.770827408320574E-15
 8.489303010561500E-17
 7.552281282990903E-16
 -4.256577729178090E-16
 -5.339695699491109E-16
 2.287124482858172E-16
 -2.353043974945290E-15
 2.754957720285667E-16
 -2.332660974102563E-16
 -1.526014557773347E-16
 -1.511160988010296E-15
 1.926085159420499E-16
 -1.543761592084220E-15
 4.633880085203046E-16
 -7.360648549004090E-16
 -1.478445187455546E-16
 -8.076221982844523E-16
 1.110223024625157E-16
 -5.901041374295479E-16
 -6.022743068156977E-17
 3.794707603699266E-16
 -3.810428535200305E-16
 3.659182332138577E-16
 6.095384613713506E-16
 -9.383769802862041E-17
